_C_2369_509d687a_5c cc 0 218 1 0 696f6e2e 0 756c6174 0 2073696d 0 74206f66 0 73746172 0 20617420 0 27257327 0 69637920 0 20506f6c 0 74696f6e 0 736f6c61 0 6f6e2049 0 69656420 0 6170706c 0 696f6e20 0 6f6c6174 0 204973 
_C_2369_509d687a_c cc 0 20 0 0 444456 
_C_2369_509d687a_134 8c 0 70 0 0 45425547 0 50415f44 0 50535f4c 0 534e 
_C_2369_509d687a_5d cc 0 20 1 0 35303334 
_C_2369_509d687a_124 cc 0 4b8 1 0 7327292e 0 20282725 0 27257327 0 6e616c20 0 20736967 0 746f7265 0 20726573 0 20746865 0 77697468 0 69766520 0 636c7573 0 79206578 0 75616c6c 0 206d7574 0 206e6f74 0 29206973 0 27257327 0 73272028 0 6c202725 0 69676e61 0 642e2053 0 61696c65 0 73272066 0 6e202725 0 6f6d6169 0 65722064 0 20706f77 0 27206f66 0 20272573 0 74656779 0 73747261 0 696f6e20 0 74656e74 0 72207265 0 6420666f 0 66696e65 0 27206465 0 272573 
_C_2369_509d687a_3d cc 0 20 1 0 35303035 
_C_2369_509d687a_75 cc 0 20 1 0 35303630 
_C_2369_509d687a_67 cc 0 20 1 0 35303330 
_C_2369_509d687a_69 cc 0 20 1 0 35303331 
_C_2369_509d687a_6b cc 0 20 1 0 35303332 
_C_10b2_50a2097b_f 8c 0 18 0 0 565353 
_C_2369_509d687a_5b cc 0 20 1 0 35303333 
_C_2369_509d687a_157 cc 0 28 1 0 414c5345 0 46 
_C_2369_509d687a_b7 cc 0 98 1 0 49544348 0 455f474c 0 56414c55 0 50504e5f 0 4c505f 
_C_10b2_50a2097b_11 8c 0 a8 0 0 414c4944 0 5f494e56 0 494e4954 0 4f454e5f 0 505f4953 0 4c 
_C_2369_509d687a_ee cc 0 158 1 0 6174652e 0 29207374 0 20282573 0 6e202573 0 65642069 0 74617274 0 73272073 0 68202725 0 77697463 0 65722073 0 506f77 
_C_5c84_509dc26a_18 cc 0 60 1 0 44444753 0 75742f56 0 74622f64 
_C_2369_509d687a_b2 cc 0 2b0 1 0 6620562e 0 746f2025 0 66205620 0 6f6d2025 0 64206672 0 616e6765 0 27206368 0 20272573 0 6d61696e 0 7220646f 0 706f7765 0 206f6620 0 27257327 0 6e657420 0 756e6420 0 2067726f 0 6d617279 0 20707269 0 20746865 0 65206f66 0 6c746167 0 566f 
_C_10b2_50a2097b_e 8c 0 68 0 0 494e4954 0 4f474e5f 0 505f4953 0 4c 
_C_10b2_50a2097b_a 8c 0 18 0 0 564444 
_C_2369_509d687a_be cc 0 230 1 0 6174652e 0 54207374 0 52525550 0 6e20434f 0 65642069 0 74617274 0 73272073 0 6e202725 0 6f6d6169 0 65722064 0 20706f77 0 27206f66 0 20272573 0 74656779 0 73747261 0 696f6e20 0 6f6c6174 0 4973 
_C_2369_509d687a_a5 cc 0 88 1 0 414c5545 0 49545f56 0 4e5f494e 0 505f5050 0 4c 
_C_2369_509d687a_b cc 0 60 0 0 642f6274 0 542f7475 0 504f 
_C_2369_509d687a_138 8c 0 1b8 0 0 23232323 0 23232323 0 20232323 0 4e474544 0 20434841 0 494e4753 0 53455454 0 524f4c20 0 434f4e54 0 4c504120 0 30745d20 0 23205b25 0 23232323 0 232323 
_C_5c84_509dc26a_4 cc 0 40 0 0 74756f 0 0 
_C_2369_509d687a_8e cc 0 328 1 0 2530742e 0 696d6520 0 61742074 0 656c7320 0 206c6576 0 74697665 0 74206163 0 74682061 0 6520626f 0 27206172 0 20272573 0 6c696379 0 6e20506f 0 6e74696f 0 52657465 0 20746f20 0 64696e67 0 73706f6e 0 6f727265 0 25732063 0 6f726520 0 52657374 0 616e6420 0 20257320 0 53617665 0 20 
_C_2369_509d687a_46 cc 0 378 1 0 2530742e 0 696d6520 0 61742074 0 61746520 0 73207374 0 746f2025 0 61746520 0 6c207374 0 6c656761 0 6d20696c 0 2066726f 0 6f6e6564 0 73697469 0 7472616e 0 69676e20 0 20446573 0 2025732c 0 61626c65 0 74652054 0 20537461 0 6f776572 0 496e2050 0 65642e20 0 68616e67 0 74652063 0 20737461 0 7369676e 0 204465 
_C_2369_509d687a_a9 cc 0 88 1 0 414c5545 0 49545f56 0 4e5f494e 0 505f5047 0 4c 
_C_2369_509d687a_56 cc 0 448 1 0 2530742e 0 696d6520 0 61742074 0 4f444520 0 574e5f4d 0 5554444f 0 6f205348 0 6e652074 0 7320676f 0 73206861 0 696e2025 0 446f6d61 0 77657220 0 6720506f 0 6e64696e 0 6573706f 0 636f7272 0 74686520 0 6f726520 0 20626566 0 6c696564 0 20617070 0 6265656e 0 6e6f7420 0 68617320 0 25732720 0 63792027 0 506f6c69 0 696f6e20 0 6f6c6174 0 72204973 0 6e20666f 0 6174696f 0 49736f6c 0 20 
_C_5c84_509dc26a_9 cc 0 18 1 0 4f4646 
_C_10b2_50a2097b_22 94 0 20 0 0 80 
_C_10b2_50a2097b_24 94 0 20 0 0 81 
_C_2369_509d687a_10a cc 0 3a8 1 0 2576272e 0 75652027 0 2076616c 0 74697665 0 6e206163 0 61742061 0 20697320 0 27257327 0 6e616c20 0 20736967 0 53617665 0 73272e20 0 6e202725 0 6f6d6169 0 65722064 0 20706f77 0 27206f66 0 20272573 0 74656779 0 73747261 0 696f6e20 0 74656e74 0 72207265 0 6420666f 0 61626c65 0 6e20656e 0 6174696f 0 6f706572 0 61766520 0 53 
_C_10b2_50a2097b_23 94 0 20 0 0 82 
_C_2369_509d687a_8a cc 0 2b8 1 0 2530742e 0 696d6520 0 61742074 0 20256220 0 616c7565 0 746f2076 0 67656420 0 6368616e 0 25732720 0 63792027 0 506f6c69 0 696f6e20 0 74656e74 0 6f205265 0 6e672074 0 6f6e6469 0 72657370 0 20636f72 0 6c202573 0 69676e61 0 76652073 0 205361 
_C_2369_509d687a_153 cc 0 a8 1 0 696f6e73 0 73657274 0 655f6173 0 676e6f72 0 70615f69 0 6c 
_C_2369_509d687a_fc cc 0 348 1 0 6620562e 0 746f2025 0 66205620 0 6f6d2025 0 64206672 0 616e6765 0 27206368 0 20272573 0 69746368 0 72207377 0 706f7765 0 206f6620 0 27257327 0 6f727420 0 6c792070 0 73757070 0 70757420 0 6f20696e 0 65642074 0 27207469 0 20272573 0 206e6574 0 70706c79 0 66207375 0 6765206f 0 6f6c7461 0 56 
_C_2369_509d687a_e9 cc 0 a8 1 0 54415445 0 49545f53 0 505f494e 0 575f4f53 0 505f5053 0 4c 
_C_2369_509d687a_11e cc 0 4d8 1 0 76272e20 0 6c202725 0 6c657665 0 69766520 0 20616374 0 7420616e 0 69732061 0 25732720 0 67792027 0 72617465 0 6e207374 0 6e74696f 0 72657465 0 206f6620 0 27257327 0 6e616c20 0 20736967 0 746f7265 0 20726573 0 68696c65 0 46462077 0 6564204f 0 7475726e 0 25732720 0 696e2027 0 646f6d61 0 77657220 0 6620706f 0 6572206f 0 20706f77 0 6d617279 0 20507269 0 6c65642e 0 69736162 0 6f6e2064 0 72617469 0 206f7065 0 746f7265 0 526573 
_C_2369_509d687a_b3 cc 0 98 1 0 49544348 0 455f474c 0 53544154 0 50504e5f 0 4c505f 
_C_2369_509d687a_11f cc 0 60 1 0 52455f58 0 4553544f 0 4c505f52 
_C_2369_509d687a_3a cc 0 2d8 1 0 2530742e 0 696d6520 0 61742074 0 20257320 0 74616765 0 20566f6c 0 7320746f 0 67652025 0 6f6c7461 0 6f6d2056 0 64206672 0 616e6765 0 73206368 0 63682025 0 53776974 0 6f776572 0 6f662050 0 20257320 0 706f7274 0 706c7920 0 20737570 0 74707574 0 204f75 
_C_2369_509d687a_100 cc 0 348 1 0 2025732e 0 7320746f 0 6f6d2025 0 64206672 0 616e6765 0 27206368 0 20272573 0 6d61696e 0 7220646f 0 706f7765 0 206f6620 0 27257327 0 65677920 0 74726174 0 6f6e2073 0 656e7469 0 20726574 0 20666f72 0 27257327 0 6e657420 0 77657220 0 6e20706f 0 6e74696f 0 72657465 0 206f6620 0 74617465 0 53 
_C_2369_509d687a_26 cc 0 1a0 1 0 2025732e 0 6d6f6465 0 20696e20 0 6e202573 0 6f6d6169 0 65722044 0 20506f77 0 77697468 0 74656420 0 73746172 0 696f6e20 0 756c6174 0 2053696d 
_C_10b2_50a2097b_6 cc 0 20 1 0 68696768 
_C_2369_509d687a_166 8c 0 98 0 0 49544348 0 455f474c 0 56414c55 0 50504e5f 0 4c505f 
_C_2369_509d687a_68 cc 0 268 1 0 2025622e 0 616c7565 0 74682076 0 64207769 0 61727465 0 27207374 0 20272573 0 6c696379 0 6e20506f 0 6e74696f 0 52657465 0 20746f20 0 64696e67 0 73706f6e 0 6f727265 0 25732063 0 6e616c20 0 20736967 0 53617665 0 20 
_C_2369_509d687a_bf cc 0 a8 1 0 414c4944 0 5f494e56 0 494e4954 0 4f454e5f 0 505f4953 0 4c 
_C_2369_509d687a_102 cc 0 308 1 0 6174652e 0 73207374 0 74682025 0 64207769 0 61727465 0 27207374 0 20272573 0 6d61696e 0 7220646f 0 706f7765 0 206f6620 0 27257327 0 65677920 0 74726174 0 6f6e2073 0 656e7469 0 20726574 0 20666f72 0 27257327 0 6e657420 0 756e6420 0 2067726f 0 74696f6e 0 6574656e 0 52 
_C_2369_509d687a_cc cc 0 2f0 1 0 2025732e 0 74617465 0 696e2073 0 74656420 0 73746172 0 25732720 0 696e2027 0 646f6d61 0 77657220 0 6620706f 0 7327206f 0 79202725 0 61746567 0 20737472 0 74696f6e 0 736f6c61 0 6f722069 0 73272066 0 74202725 0 72206e65 0 706f7765 0 696f6e20 0 6f6c6174 0 4973 
_C_2369_509d687a_bb cc 0 98 1 0 414c5545 0 49545f56 0 4e5f494e 0 49534f45 0 4c505f 
_C_2369_509d687a_74 cc 0 2c0 1 0 2025622e 0 616c7565 0 69642076 0 6e76616c 0 74682069 0 64207769 0 61727465 0 27207374 0 20272573 0 6c696379 0 6e20506f 0 6e74696f 0 52657465 0 20746f20 0 64696e67 0 73706f6e 0 6f727265 0 25732063 0 6e616c20 0 20736967 0 746f7265 0 20526573 
_C_2369_509d687a_164 8c 0 88 0 0 414c5545 0 49545f56 0 4e5f494e 0 505f5050 0 4c 
_C_2369_509d687a_8f cc 0 20 1 0 35353032 
_C_2369_509d687a_c1 cc 0 78 1 0 414e4745 0 4e5f4348 0 49534f45 0 4c505f 
_C_5c84_509dc26a_b cc 0 50 1 0 4c5f4f4e 0 52544941 0 5041 
_C_2369_509d687a_10e cc 0 4f0 1 0 2576272e 0 656c2027 0 206c6576 0 74697665 0 6e206163 0 61742061 0 20697320 0 27257327 0 6e616c20 0 20736967 0 53617665 0 46462e20 0 6973204f 0 61696e20 0 20646f6d 0 72206f66 0 706f7765 0 61727920 0 7072696d 0 74686520 0 696c6520 0 27207768 0 20272573 0 6d61696e 0 7220646f 0 706f7765 0 206f6620 0 27257327 0 65677920 0 74726174 0 6f6e2073 0 656e7469 0 20726574 0 20666f72 0 626c6564 0 20656e61 0 74696f6e 0 70657261 0 7665206f 0 5361 
_C_2369_509d687a_2 cc 0 a0 0 0 642f6274 0 542f7475 0 702e504f 0 616d6972 0 7972 
_C_2369_509d687a_91 cc 0 20 1 0 35353033 
_C_5c84_509dc26a_13 cc 0 70 1 0 635f7377 0 2f657865 0 2f647574 0 7462 
_C_2369_509d687a_23 cc 0 58 1 0 2e6c6f67 0 5f6d7367 0 6c7061 
_C_2369_509d687a_ad cc 0 98 1 0 414e4745 0 455f4348 0 53544154 0 50474e5f 0 4c505f 
_C_2369_509d687a_60 cc 0 288 1 0 2530662e 0 6c756520 0 65207661 0 6c746167 0 652f566f 0 53746174 0 20257320 0 74616765 0 20566f6c 0 77697468 0 74656420 0 73746172 0 20257320 0 6d61696e 0 7220646f 0 506f7765 0 206f6620 0 74202573 0 6c794e65 0 53757070 0 20 
_C_2369_509d687a_165 8c 0 88 0 0 414c5545 0 49545f56 0 4e5f494e 0 505f5047 0 4c 
_C_2369_509d687a_110 cc 0 358 1 0 2573272e 0 67792027 0 72617465 0 6e207374 0 6e74696f 0 72657465 0 666f7220 0 69766520 0 20616374 0 27206973 0 20272573 0 676e616c 0 65207369 0 20736176 0 68696c65 0 46462077 0 6564204f 0 7475726e 0 25732720 0 696e2027 0 646f6d61 0 77657220 0 6620706f 0 6572206f 0 20706f77 0 6d617279 0 507269 
_C_5c84_509dc26a_f cc 0 18 1 0 48695a 
_C_2369_509d687a_de cc 0 98 1 0 414e4745 0 455f4348 0 53544154 0 5053545f 0 4c505f 
_C_2369_509d687a_107 cc 0 70 1 0 414e4745 0 455f4348 0 5f534156 0 4c50 
_C_2369_509d687a_11d cc 0 b0 1 0 5f4f4646 0 4d505752 0 5f505249 0 544f5245 0 5f524553 0 4c50 
_C_2369_509d687a_15f 8c 0 98 0 0 49544348 0 455f474c 0 53544154 0 50504e5f 0 4c505f 
_C_10b2_50a2097b_c 8c 0 58 0 0 45584543 0 6475742f 0 74622f 
_C_2369_509d687a_bd cc 0 78 1 0 5f4f4646 0 494e4954 0 49534f5f 0 4c505f 
_C_2369_509d687a_5 c4 0 40 0 0 0 0 0 
_C_2369_509d687a_14e cc 0 38 1 0 4e494e47 0 574152 
_C_10b2_50a2097b_1f cc 0 18 1 0 6c6f77 
_C_2369_509d687a_12f 8c 0 70 0 0 653d2573 0 6766696c 0 615f6c6f 0 6c70 
_C_2369_509d687a_f3 cc 0 88 1 0 52524f52 0 524c5f45 0 575f4354 0 505f5053 0 4c 
_C_5c84_509dc26a_28 cc 0 10 1 0 696e 
_C_2369_509d687a_120 cc 0 438 1 0 6965642e 0 6170706c 0 20697320 0 746f7265 0 20726573 0 7768656e 0 61746520 0 46207374 0 6e204f46 0 69732069 0 25732720 0 67792027 0 72617465 0 6e207374 0 6e74696f 0 72657465 0 666f7220 0 77657220 0 6e20706f 0 6e74696f 0 52657465 0 73272e20 0 6e202725 0 6f6d6169 0 65722064 0 20706f77 0 73206f66 0 73746572 0 72656769 0 74686520 0 206f6e20 0 6e672058 0 746f7269 0 526573 
_C_10b2_50a2097b_13 8c 0 98 0 0 414c5545 0 49545f56 0 4e5f494e 0 49534f45 0 4c505f 
_C_10b2_50a2097b_5 cc 0 88 1 0 61626c65 0 6f5f656e 0 742f6973 0 622f6475 0 74 
_C_10b2_50a2097b_2 cc 0 180 0 0 642f6274 0 452f7475 0 2e434558 0 63657865 0 6f73695f 0 74756f5f 0 6f73692e 0 6974616c 0 735f6e6f 0 6c707075 0 65735f79 0 74 
_C_10b2_50a2097b_1e 8c 0 78 0 0 414e4745 0 4e5f4348 0 49534f45 0 4c505f 
_C_2369_509d687a_4 c4 0 6c 0 0 0 0 0 0 808 0 800 
_C_2369_509d687a_dd cc 0 98 1 0 4547414c 0 5f494c4c 0 494e4954 0 5053545f 0 4c505f 
_C_5c84_509dc26a_27 cc 0 58 1 0 56444447 0 6475742f 0 74622f 
_C_2369_509d687a_11c cc 0 418 1 0 2576272e 0 75652027 0 2076616c 0 74697665 0 696e6163 0 20616e20 0 6420746f 0 616e6765 0 27206368 0 20272573 0 676e616c 0 65207369 0 73746f72 0 2e205265 0 27257327 0 61696e20 0 20646f6d 0 6f776572 0 6f662070 0 25732720 0 67792027 0 72617465 0 6e207374 0 6e74696f 0 72657465 0 666f7220 0 6c656420 0 69736162 0 6f6e2064 0 72617469 0 206f7065 0 746f7265 0 526573 
_C_2369_509d687a_64 cc 0 248 1 0 2530742e 0 696d6520 0 61742074 0 61746520 0 73205374 0 67652025 0 6f6c7461 0 746f2056 0 67656420 0 6368616e 0 20257320 0 6d61696e 0 7220646f 0 506f7765 0 206f6620 0 74202573 0 6c794e65 0 53757070 0 20 
_C_2369_509d687a_24 84 0 20 0 0 0 
_C_2369_509d687a_13c 8c 0 8 0 0 20 
_C_2369_509d687a_158 84 0 20 0 0 1 
_C_2369_509d687a_16b 84 0 20 0 0 2 
_C_2369_509d687a_f0 cc 0 1d8 1 0 2573292e 0 25732028 0 20746f20 0 28257329 0 20257320 0 66726f6d 0 67656420 0 6368616e 0 25732720 0 63682027 0 73776974 0 77657220 0 6620706f 0 7465206f 0 537461 
_C_2369_509d687a_162 8c 0 98 0 0 414e4745 0 455f4348 0 53544154 0 50474e5f 0 4c505f 
_C_2369_509d687a_66 cc 0 248 1 0 2530742e 0 696d6520 0 61742074 0 20256620 0 616c7565 0 67652076 0 6f6c7461 0 746f2056 0 67656420 0 6368616e 0 20257320 0 6d61696e 0 7220646f 0 506f7765 0 206f6620 0 74202573 0 6c794e65 0 53757070 0 20 
_C_2369_509d687a_27 cc 0 20 1 0 35313034 
_C_2369_509d687a_4f cc 0 20 1 0 35313035 
_C_2369_509d687a_51 cc 0 20 1 0 35313036 
_C_2369_509d687a_142 cc 0 70 1 0 2e696e69 0 6e666967 0 615f636f 0 6c70 
_C_2369_509d687a_95 cc 0 20 1 0 35343130 
_C_2369_509d687a_8b cc 0 20 1 0 35313331 
_C_2369_509d687a_f 94 0 20 0 0 1 
_C_2369_509d687a_4d cc 0 20 1 0 35313032 
_C_2369_509d687a_93 cc 0 20 1 0 35313333 
_C_2369_509d687a_12 94 0 20 0 0 2 
_C_2369_509d687a_141 cc 0 70 1 0 6c70612f 0 6765732f 0 61636b61 0 2f70 
_C_2369_509d687a_13b cc 0 8 1 0 7d 
_C_5c84_509dc26a_5 cc 0 18 1 0 696e00 
_C_10b2_50a2097b_8 9c 0 20 0 0 
_C_542_509d4522_1 94 0 20 0 0 8 
_C_2369_509d687a_163 9c 0 20 0 0 
_C_2369_509d687a_7a cc 0 358 1 0 2530742e 0 696d6520 0 61742074 0 4f464620 0 20697320 0 6f776572 0 6f6e2070 0 656e7469 0 20726574 0 7768656e 0 20257320 0 6d61696e 0 7220646f 0 706f7765 0 206f6620 0 27257327 0 69637920 0 20506f6c 0 74696f6e 0 6574656e 0 6f722052 0 65642066 0 67676572 0 20747269 0 76656e74 0 76652065 0 205361 
_C_2369_509d687a_129 8c 0 50 0 0 73222c20 0 643a2225 0 2530 
_C_2369_509d687a_16c 94 0 20 0 0 76 
_C_10b2_50a2097b_10 8c 0 78 0 0 5f4f4646 0 494e4954 0 49534f5f 0 4c505f 
_C_10b2_50a2097b_4 cc 0 58 1 0 45584543 0 6475742f 0 74622f 
_C_5c84_509dc26a_e cc 0 18 1 0 537458 
_C_2369_509d687a_21 8c 0 140 0 0 2e2e2e0a 0 52454420 0 434f5645 0 41524520 0 4f4e5320 0 45525449 0 20415353 0 45204c50 0 4c205448 0 a20414c 
_C_2369_509d687a_22 cc 0 8 1 0 0 
_C_2369_509d687a_143 cc 0 38 1 0 41554c54 0 444546 
_C_2369_509d687a_fd cc 0 68 1 0 494e4954 0 54504e5f 0 505f5245 0 4c 
_C_2369_509d687a_58 cc 0 418 1 0 2530742e 0 696d6520 0 61742074 0 4f444520 0 56455f4d 0 41435449 0 20746f20 0 676f6e65 0 68617320 0 20257320 0 6d61696e 0 7220446f 0 506f7765 0 696e6720 0 706f6e64 0 72726573 0 6520636f 0 65207468 0 65666f72 0 65642062 0 656d6f76 0 656e2072 0 73206265 0 27206861 0 20272573 0 6c696379 0 6e20506f 0 6174696f 0 49736f6c 0 666f7220 0 696f6e20 0 6f6c6174 0 204973 
_C_5c84_509dc26a_2b 94 0 20 0 0 7c 
_C_2369_509d687a_fa cc 0 318 1 0 2025732e 0 7320746f 0 6f6d2025 0 64206672 0 616e6765 0 27206368 0 20272573 0 69746368 0 72207377 0 706f7765 0 206f6620 0 27257327 0 6f727420 0 6c792070 0 73757070 0 70757420 0 6f20696e 0 65642074 0 27207469 0 20272573 0 206e6574 0 70706c79 0 66207375 0 7465206f 0 537461 
_C_5c84_509dc26a_2a 94 0 20 0 0 7d 
_C_10b2_50a2097b_21 94 0 20 0 0 7e 
_C_2369_509d687a_4e cc 0 318 1 0 2530742e 0 696d6520 0 61742074 0 20256220 0 616c7565 0 746f2076 0 67656420 0 6368616e 0 25732720 0 63792027 0 506f6c69 0 696f6e20 0 6f6c6174 0 6f204973 0 6e672074 0 6f6e6469 0 72657370 0 20636f72 0 6c202573 0 69676e61 0 6c652073 0 456e6162 0 696f6e20 0 6f6c6174 0 204973 
_C_2369_509d687a_16d 94 0 20 0 0 78 
_C_5c84_509dc26a_1c 8c 0 88 0 0 52524f52 0 524c5f45 0 575f4354 0 505f5053 0 4c 
_C_2369_509d687a_16f 94 0 20 0 0 79 
_C_2369_509d687a_16e 94 0 20 0 0 7a 
_C_2369_509d687a_9d cc 0 20 1 0 36303430 
_C_5c84_509dc26a_29 94 0 20 0 0 7b 
_C_2369_509d687a_87 cc 0 20 1 0 36303431 
_C_2369_509d687a_9c cc 0 498 1 0 7327292e 0 20282725 0 27257327 0 6e616c20 0 20736967 0 73617665 0 74686520 0 69746820 0 76652077 0 6c757369 0 20657863 0 616c6c79 0 6d757475 0 6e6f7420 0 20697320 0 25732729 0 27202827 0 20272573 0 676e616c 0 2e205369 0 696c6564 0 27206661 0 20272573 0 6d61696e 0 7220446f 0 506f7765 0 206f6620 0 27257327 0 69637920 0 20706f6c 0 74696f6e 0 6574656e 0 6f722052 0 65642066 0 6566696e 0 73272064 0 202725 
_C_2369_509d687a_cb cc 0 68 1 0 494e4954 0 4f504e5f 0 505f4953 0 4c 
_C_10b2_50a2097b_12 8c 0 88 0 0 61626c65 0 6f5f656e 0 742f6973 0 622f6475 0 74 
_C_2369_509d687a_94 cc 0 1f8 1 0 2530742e 0 65203d20 0 2074696d 0 65206174 0 73746174 0 4f574e20 0 48555444 0 746f2053 0 67656420 0 6368616e 0 25732720 0 63792027 0 506f6c69 0 696f6e20 0 74656e74 0 205265 
_C_2369_509d687a_7c cc 0 258 1 0 2530742e 0 696d6520 0 61742074 0 20257320 0 6d61696e 0 7220646f 0 706f7765 0 206f6620 0 27257327 0 69637920 0 20506f6c 0 74696f6e 0 6574656e 0 6f722052 0 65642066 0 73657274 0 65206173 0 73746f72 0 205265 
_C_2369_509d687a_127 cc 0 90 1 0 55544558 0 52535f4d 0 4552545f 0 5f415353 0 4c50 
_C_5c84_509dc26a_25 cc 0 30 1 0 725f6f6e 0 7077 
_C_2369_509d687a_113 cc 0 70 1 0 5f4f4646 0 5f505752 0 5f524554 0 4c50 
_C_5c84_509dc26a_1 c4 0 20 0 0 2 
_C_2369_509d687a_11a cc 0 3d8 1 0 2576272e 0 75652027 0 2076616c 0 74697665 0 6e206163 0 61742061 0 20697320 0 27257327 0 6e616c20 0 20736967 0 746f7265 0 20526573 0 2573272e 0 696e2027 0 646f6d61 0 77657220 0 6620706f 0 7327206f 0 79202725 0 61746567 0 20737472 0 74696f6e 0 6574656e 0 6f722072 0 65642066 0 6e61626c 0 6f6e2065 0 72617469 0 206f7065 0 746f7265 0 526573 
_C_10b2_50a2097b_1b 8c 0 78 0 0 41494c32 0 53455146 0 49534f5f 0 4c505f 
_C_10b2_50a2097b_14 8c 0 78 0 0 41494c31 0 53455146 0 49534f5f 0 4c505f 
_C_2369_509d687a_144 d4 0 20 0 0 0 
_C_2369_509d687a_146 d4 0 20 0 0 1 
_C_2369_509d687a_12c 8c 0 8 0 0 72 
_C_2369_509d687a_148 d4 0 20 0 0 2 
_C_2369_509d687a_151 d4 0 20 0 0 3 
_C_2369_509d687a_1f 8c 0 20 0 0 20257320 
_C_2369_509d687a_f8 cc 0 350 1 0 6620562e 0 746f2025 0 66205620 0 6f6d2025 0 64206672 0 616e6765 0 27206368 0 20272573 0 69746368 0 72207377 0 706f7765 0 206f6620 0 27257327 0 6f727420 0 6c792070 0 73757070 0 70757420 0 206f7574 0 6420746f 0 20746965 0 27257327 0 6e657420 0 706c7920 0 20737570 0 65206f66 0 6c746167 0 566f 
_C_2369_509d687a_b8 cc 0 420 1 0 6620562e 0 2d3e2025 0 66205620 0 2d3e2025 0 66205620 0 6f6d2025 0 64206672 0 616e6765 0 65206368 0 6c746167 0 2e20566f 0 27257327 0 61696e20 0 20646f6d 0 6f776572 0 6f662070 0 25732720 0 65742027 0 6572206e 0 20706f77 0 6d617279 0 20707269 0 20746865 0 65206f6e 0 2074696d 0 73616d65 0 20617420 0 6e676573 0 20636861 0 74616765 0 20766f6c 0 69706c65 0 4d756c74 
_C_5c84_509dc26a_15 8c 0 a8 0 0 54415445 0 49545f53 0 505f494e 0 575f4953 0 505f5053 0 4c 
_C_2369_509d687a_d cc 0 20 0 0 535356 
_C_2369_509d687a_71 cc 0 20 1 0 35303439 
_C_2369_509d687a_6f cc 0 20 1 0 35303434 
_C_2369_509d687a_e4 cc 0 2d0 1 0 2576272e 0 75652027 0 2076616c 0 74682061 0 64207769 0 61727465 0 27207374 0 20272573 0 69746368 0 72207377 0 706f7765 0 206f6620 0 27257327 0 6f727420 0 6f6c2070 0 6f6e7472 0 746f2063 0 74656420 0 6e6e6563 0 2720636f 0 20272573 0 676e616c 0 5369 
_C_2369_509d687a_2b cc 0 20 1 0 35363330 
_C_2369_509d687a_3f cc 0 20 1 0 35303130 
_C_2369_509d687a_29 cc 0 20 1 0 35363331 
_C_2369_509d687a_4b cc 0 20 1 0 35303432 
_C_2369_509d687a_5f cc 0 20 1 0 35363332 
_C_2369_509d687a_6d cc 0 20 1 0 35303433 
_C_2369_509d687a_b9 cc 0 98 1 0 49544348 0 455f474c 0 56414c55 0 50474e5f 0 4c505f 
_C_5c84_509dc26a_7 cc 0 38 1 0 5f6f6e00 0 707772 
_C_2369_509d687a_e0 cc 0 a0 1 0 4547414c 0 5f494c4c 0 54415445 0 53545f53 0 4c505f50 
_C_10b2_50a2097b_9 8c 0 68 0 0 494e4954 0 4f504e5f 0 505f4953 0 4c 
_C_5c84_509dc26a_21 8c 0 80 0 0 414c5545 0 53505f56 0 53575f4f 0 4c505f50 
_C_5c84_509dc26a_c cc 0 18 1 0 537430 
_C_5c84_509dc26a_d cc 0 18 1 0 537431 
_C_2369_509d687a_70 cc 0 350 1 0 2025732e 0 6d6f6465 0 20696e20 0 6e202573 0 6f6d6169 0 65722044 0 20506f77 0 7768656e 0 76656c20 0 65206c65 0 63746976 0 74682061 0 64207769 0 61727465 0 27207374 0 20272573 0 6c696379 0 6e20506f 0 6e74696f 0 52657465 0 20746f20 0 64696e67 0 73706f6e 0 6f727265 0 25732063 0 61766520 0 2053 
_C_2369_509d687a_78 cc 0 240 1 0 2530742e 0 696d6520 0 61742074 0 20257320 0 6d61696e 0 7220646f 0 706f7765 0 206f6620 0 27257327 0 69637920 0 20506f6c 0 74696f6e 0 6574656e 0 6f722052 0 65642066 0 73657274 0 65206173 0 20536176 
_C_2369_509d687a_14b cc 0 58 1 0 282e2a29 0 29283d29 0 282e2a 
_C_5c84_509dc26a_1f 8c 0 80 0 0 414c5545 0 53505f56 0 53575f49 0 4c505f50 
_C_5c84_509dc26a_24 cc 0 68 1 0 74617465 0 6f6e5f73 0 7865635f 0 65 
_C_2369_509d687a_44 cc 0 378 1 0 2530742e 0 696d6520 0 61742074 0 61746520 0 6c207374 0 6c656761 0 6f20696c 0 74652074 0 20737461 0 6d202573 0 2066726f 0 6f6e6564 0 73697469 0 7472616e 0 69676e20 0 20446573 0 2025732c 0 61626c65 0 74652054 0 20537461 0 6f776572 0 496e2050 0 65642e20 0 68616e67 0 74652063 0 20737461 0 7369676e 0 204465 
_C_2369_509d687a_c7 cc 0 70 1 0 4c494544 0 5f415050 0 5f49534f 0 4c50 
_C_2369_509d687a_c8 cc 0 1c8 1 0 2573272e 0 696e2027 0 646f6d61 0 77657220 0 6620706f 0 7327206f 0 79202725 0 61746567 0 20737472 0 20666f72 0 6c696564 0 20617070 0 74696f6e 0 736f6c61 0 49 
_C_2369_509d687a_2e cc 0 20 1 0 2025732e 
_C_2369_509d687a_c4 cc 0 3f0 1 0 2025762e 0 76202d3e 0 2d3e2025 0 20257620 0 66726f6d 0 67656420 0 6368616e 0 626c6520 0 20656e61 0 74696f6e 0 736f6c61 0 272e2049 0 20272573 0 6d61696e 0 7220646f 0 706f7765 0 206f6620 0 27257327 0 65677920 0 74726174 0 6f6e2073 0 6c617469 0 2069736f 0 27206f66 0 20272573 0 61626c65 0 6e20656e 0 6174696f 0 69736f6c 0 206f6e20 0 69746368 0 476c 
_C_10b2_50a2097b_1d 8c 0 80 0 0 414c4944 0 5f494e56 0 534f454e 0 4c505f49 
_C_2369_509d687a_d9 cc 0 78 1 0 41494c32 0 53455146 0 49534f5f 0 4c505f 
_C_2369_509d687a_af cc 0 98 1 0 414e4745 0 455f4348 0 56414c55 0 50504e5f 0 4c505f 
_C_2369_509d687a_4c cc 0 308 1 0 2025622e 0 616c7565 0 69642076 0 6e76616c 0 74682069 0 64207769 0 61727465 0 27207374 0 20272573 0 6c696379 0 6e20506f 0 6174696f 0 49736f6c 0 20746f20 0 64696e67 0 73706f6e 0 6f727265 0 25732063 0 6e616c20 0 20736967 0 61626c65 0 6e20456e 0 6174696f 0 49736f6c 0 20 
_C_2369_509d687a_d7 cc 0 78 1 0 41494c31 0 53455146 0 49534f5f 0 4c505f 
_C_2369_509d687a_14a cc 0 20 1 0 5e202a23 
_C_2369_509d687a_10 cc 0 60 0 0 642f6274 0 452f7475 0 434558 
_C_2369_509d687a_e5 cc 0 a8 1 0 54415445 0 49545f53 0 505f494e 0 575f4953 0 505f5053 0 4c 
_C_2369_509d687a_d4 cc 0 308 1 0 2025732e 0 6420746f 0 616e6765 0 27206368 0 20272573 0 6d61696e 0 7220646f 0 706f7765 0 206f6620 0 27257327 0 65677920 0 74726174 0 6f6e2073 0 6c617469 0 2069736f 0 20666f72 0 27257327 0 6e657420 0 77657220 0 6e20706f 0 6174696f 0 69736f6c 0 206f6620 0 74617465 0 53 
_C_2369_509d687a_128 cc 0 418 1 0 6976652e 0 636c7573 0 79206578 0 75616c6c 0 206d7574 0 206e6f74 0 20617265 0 25732729 0 27202827 0 20272573 0 64202573 0 2920616e 0 27257327 0 73272028 0 73202725 0 642e2025 0 61696c65 0 73272066 0 6e202725 0 6f6d6169 0 65722064 0 20706f77 0 27206f66 0 20272573 0 74656779 0 73747261 0 696f6e20 0 74656e74 0 72207265 0 6420666f 0 66696e65 0 27206465 0 272573 
_C_2369_509d687a_108 cc 0 3d0 1 0 2573272e 0 69732027 0 69656420 0 65636966 0 65207370 0 73656e73 0 61766520 0 272e2053 0 20272576 0 2720746f 0 20272576 0 66726f6d 0 67656420 0 6368616e 0 25732720 0 696e2027 0 646f6d61 0 77657220 0 6620706f 0 7327206f 0 79202725 0 61746567 0 20737472 0 74696f6e 0 6574656e 0 6f722072 0 73272066 0 6c202725 0 69676e61 0 76652073 0 5361 
_C_2369_509d687a_c2 cc 0 3f8 1 0 2573272e 0 69732027 0 69656420 0 65636966 0 65207370 0 73656e73 0 696f6e20 0 6f6c6174 0 2e204973 0 6f202576 0 25762074 0 726f6d20 0 65642066 0 68616e67 0 73272063 0 6e202725 0 6f6d6169 0 65722064 0 20706f77 0 27206f66 0 20272573 0 74656779 0 73747261 0 696f6e20 0 6f6c6174 0 66206973 0 7327206f 0 65202725 0 6e61626c 0 6f6e2065 0 6c617469 0 49736f 
_C_2369_509d687a_f4 cc 0 358 1 0 2576272e 0 75652027 0 2076616c 0 616c6964 0 20696e76 0 6f20616e 0 76272074 0 6d202725 0 2066726f 0 6e676564 0 20636861 0 27257327 0 74636820 0 20737769 0 6f776572 0 6f662070 0 25732720 0 72742027 0 6c20706f 0 6e74726f 0 6f20636f 0 65642074 0 6e656374 0 20636f6e 0 27257327 0 6e616c20 0 536967 
_C_2369_509d687a_d2 cc 0 350 1 0 2025732e 0 7320746f 0 6f6d2025 0 64206672 0 616e6765 0 27206368 0 20272573 0 6d61696e 0 7220646f 0 706f7765 0 206f6620 0 27257327 0 65677920 0 74726174 0 6f6e2073 0 6c617469 0 2069736f 0 20666f72 0 27257327 0 6e657420 0 756e6420 0 2067726f 0 74696f6e 0 736f6c61 0 6f662069 0 61746520 0 5374 
_C_10b2_50a2097b_1 9c 0 20 0 412e8480 
_C_38b_509dd380_1 9c 0 20 0 412e8480 
_C_2369_509d687a_168 8c 0 98 0 0 49544348 0 455f474c 0 56414c55 0 50474e5f 0 4c505f 
_C_2369_509d687a_ae cc 0 280 1 0 2025732e 0 7320746f 0 6f6d2025 0 64206672 0 616e6765 0 27206368 0 20272573 0 6d61696e 0 7220646f 0 706f7765 0 206f6620 0 27257327 0 6e657420 0 756e6420 0 2067726f 0 6d617279 0 20707269 0 20746865 0 65206f66 0 53746174 
_C_2369_509d687a_f2 cc 0 2d0 1 0 2576272e 0 746f2027 0 25762720 0 6f6d2027 0 64206672 0 616e6765 0 27206368 0 20272573 0 69746368 0 72207377 0 706f7765 0 206f6620 0 27257327 0 6f727420 0 6f6c2070 0 6f6e7472 0 746f2063 0 74656420 0 6e6e6563 0 2720636f 0 20272573 0 676e616c 0 5369 
_C_2369_509d687a_a3 cc 0 88 1 0 54415445 0 49545f53 0 4e5f494e 0 505f5050 0 4c 
_C_5c84_509dc26a_1a 8c 0 a8 0 0 414c5545 0 49545f56 0 505f494e 0 575f4f53 0 505f5053 0 4c 
_C_2369_509d687a_bc cc 0 408 1 0 2573272e 0 69732027 0 69656420 0 65636966 0 65207370 0 73656e73 0 696f6e20 0 6f6c6174 0 2e204973 0 27257627 0 6c756520 0 68207661 0 20776974 0 72746564 0 20737461 0 27257327 0 61696e20 0 20646f6d 0 6f776572 0 6f662070 0 25732720 0 67792027 0 72617465 0 6e207374 0 6174696f 0 69736f6c 0 206f6620 0 27257327 0 626c6520 0 20656e61 0 74696f6e 0 736f6c61 0 49 
_C_2369_509d687a_43 cc 0 20 1 0 35323039 
_C_2369_509d687a_10d cc 0 98 1 0 5f4f4646 0 4d505752 0 5f505249 0 53415645 0 4c505f 
_C_2369_509d687a_14d cc 0 20 1 0 494e464f 
_C_2369_509d687a_f7 cc 0 80 1 0 414c5545 0 53505f56 0 53575f4f 0 4c505f50 
_C_2369_509d687a_fe cc 0 300 1 0 6174652e 0 73207374 0 74682025 0 64207769 0 61727465 0 27207374 0 20272573 0 6d61696e 0 7220646f 0 706f7765 0 206f6620 0 27257327 0 65677920 0 74726174 0 6f6e2073 0 656e7469 0 20726574 0 20666f72 0 27257327 0 6e657420 0 77657220 0 6e20706f 0 6e74696f 0 52657465 
_C_2369_509d687a_fb cc 0 80 1 0 414c5545 0 53505f56 0 53575f49 0 4c505f50 
_C_2369_509d687a_96 cc 0 388 1 0 2530742e 0 65203d20 0 2074696d 0 73206174 0 64652025 0 6e206d6f 0 25732069 0 61696e20 0 20446f6d 0 6f776572 0 656e2050 0 6c207768 0 6c657665 0 69766520 0 20616374 0 73206174 0 73272069 0 79202725 0 6f6c6963 0 6f6e2050 0 656e7469 0 20526574 0 6720746f 0 6e64696e 0 6573706f 0 636f7272 0 20257320 0 53617665 0 20 
_C_2369_509d687a_aa cc 0 238 1 0 6620562e 0 67652025 0 6f6c7461 0 74682076 0 64207769 0 61727465 0 27207374 0 20272573 0 6d61696e 0 7220646f 0 706f7765 0 206f6620 0 27257327 0 6e657420 0 756e6420 0 2067726f 0 6d617279 0 507269 
_C_2369_509d687a_a7 cc 0 88 1 0 54415445 0 49545f53 0 4e5f494e 0 505f5047 0 4c 
_C_5c84_509dc26a_2 cc 0 80 0 0 642f6274 0 652f7475 0 5f636578 0 7773 
_C_10b2_50a2097b_15 8c 0 70 0 0 4c494544 0 5f415050 0 5f49534f 0 4c50 
_C_2369_509d687a_80 cc 0 250 1 0 2530742e 0 696d6520 0 61742074 0 20257320 0 6d61696e 0 7220646f 0 706f7765 0 206f6620 0 27257327 0 69637920 0 20506f6c 0 74696f6e 0 6574656e 0 6f722052 0 65642066 0 73657274 0 64656173 0 61766520 0 2053 
_C_2369_509d687a_3e cc 0 1d0 1 0 6174652e 0 73207374 0 74682025 0 64207769 0 61727465 0 6e207374 0 6174696f 0 696d756c 0 25732073 0 626c6520 0 65205461 0 53746174 0 77657220 0 6e20506f 0 2049 
_C_2369_509d687a_c5 cc 0 80 1 0 414c4944 0 5f494e56 0 534f454e 0 4c505f49 
_C_2369_509d687a_167 8c 0 98 0 0 414e4745 0 455f4348 0 56414c55 0 50504e5f 0 4c505f 
_C_2369_509d687a_a cc 0 100 0 0 642f6274 0 452f7475 0 2e434558 0 61666564 0 5f746c75 0 65746572 0 6f69746e 0 6e 
_C_2369_509d687a_50 cc 0 1c0 1 0 2530742e 0 696d6520 0 61742074 0 25732720 0 63792027 0 506f6c69 0 696f6e20 0 6f6c6174 0 6e204973 0 6564206f 0 70706c69 0 6f6e2061 0 6c617469 0 2049736f 
_C_2369_509d687a_ef cc 0 98 1 0 414e4745 0 455f4348 0 53544154 0 5053575f 0 4c505f 
_C_5c84_509dc26a_a cc 0 10 1 0 4f4e 
_C_2369_509d687a_119 cc 0 90 1 0 424c4544 0 5f454e41 0 544f5245 0 5f524553 0 4c50 
_C_2369_509d687a_32 cc 0 240 1 0 2530742e 0 696d6520 0 61742074 0 61746520 0 29207374 0 20282573 0 6f202573 0 74652074 0 20737461 0 28257329 0 20257320 0 66726f6d 0 67656420 0 6368616e 0 20257320 0 69746368 0 65725377 0 20506f77 
_C_2369_509d687a_98 cc 0 568 1 0 2530742e 0 65203d20 0 2074696d 0 73206174 0 696e2025 0 20697320 0 6d61696e 0 7220446f 0 506f7765 0 75736520 0 62656361 0 72656420 0 6573746f 0 656e2072 0 54206265 0 65204e4f 0 20686176 0 79202573 0 6f6c6963 0 6f6e2050 0 656e7469 0 20526574 0 6720746f 0 6e64696e 0 6573706f 0 636f7272 0 20257320 0 6d61696e 0 7220446f 0 506f7765 0 206f6620 0 74657273 0 65676973 0 642e2052 0 746f7265 0 20726573 0 204e4f54 0 74657273 0 65676973 0 27732072 0 6d61696e 0 7220446f 0 506f7765 0 20 
_C_2369_509d687a_131 8c 0 5d0 0 0 4f4d2e0a 0 43555354 0 554c545f 0 44454641 0 4f4d2c20 0 43555354 0 4c542c20 0 45464155 0 72652044 0 65732061 0 76616c75 0 6c696420 0 a205661 0 554c542e 0 44454641 0 20746f20 0 67206974 0 7474696e 0 2c207365 0 25732720 0 6c652027 0 67206669 0 6f6e6669 0 6f6c2063 0 6f6e7472 0 50412063 0 6865204c 0 696e2074 0 6f646520 0 6f675f6d 0 70615f6c 0 746f206c 0 73656420 0 20706173 0 27257327 0 696f6e20 0 206f7074 0 616c6964 0 20496e76 0 4552525d 0 4649475f 0 5f434f4e 0 5b4c5041 0 494e4720 0 5741524e 0 30745d20 0 5b25 
_C_2369_509d687a_92 cc 0 2c0 1 0 2530742e 0 696d6520 0 61742074 0 6c756520 0 64207661 0 76616c69 0 6f20696e 0 65642074 0 68616e67 0 73272063 0 79202725 0 6f6c6963 0 6f6e2050 0 656e7469 0 20526574 0 6720746f 0 6e64696e 0 6573706f 0 636f7272 0 20257320 0 746f7265 0 20526573 
_C_2369_509d687a_118 cc 0 400 1 0 2573272e 0 69732027 0 69656420 0 65636966 0 65207370 0 73656e73 0 6f726520 0 52657374 0 76272e20 0 6f202725 0 76272074 0 6d202725 0 2066726f 0 6e676564 0 20636861 0 27257327 0 61696e20 0 20646f6d 0 6f776572 0 6f662070 0 25732720 0 67792027 0 72617465 0 6e207374 0 6e74696f 0 72657465 0 666f7220 0 25732720 0 616c2027 0 7369676e 0 6f726520 0 52657374 
_C_2369_509d687a_d8 cc 0 3b0 1 0 6174652e 0 73207374 0 746f2025 0 67656420 0 6368616e 0 25732720 0 696e2027 0 646f6d61 0 77657220 0 6520706f 0 6f757263 0 68652073 0 656e2074 0 65207768 0 63746976 0 6f742061 0 6973206e 0 25732720 0 67792027 0 72617465 0 6e207374 0 6174696f 0 69736f6c 0 666f7220 0 25732720 0 6c652027 0 656e6162 0 696f6e20 0 6f6c6174 0 4973 
_C_2369_509d687a_147 cc 0 70 1 0 53544f4d 0 545f4355 0 4641554c 0 4445 
_C_2369_509d687a_6a cc 0 280 1 0 2025622e 0 616c7565 0 74682076 0 64207769 0 61727465 0 27207374 0 20272573 0 6c696379 0 6e20506f 0 6e74696f 0 52657465 0 20746f20 0 64696e67 0 73706f6e 0 6f727265 0 25732063 0 6e616c20 0 20736967 0 746f7265 0 20526573 
_C_2369_509d687a_15c 8c 0 88 0 0 54415445 0 49545f53 0 4e5f494e 0 505f5050 0 4c 
_C_2369_509d687a_156 cc 0 20 1 0 54525545 
_C_2369_509d687a_eb cc 0 a8 1 0 414c5545 0 49545f56 0 505f494e 0 575f4f53 0 505f5053 0 4c 
_C_2369_509d687a_104 cc 0 350 1 0 2025732e 0 7320746f 0 6f6d2025 0 64206672 0 616e6765 0 27206368 0 20272573 0 6d61696e 0 7220646f 0 706f7765 0 206f6620 0 27257327 0 65677920 0 74726174 0 6f6e2073 0 656e7469 0 20726574 0 20666f72 0 27257327 0 6e657420 0 756e6420 0 2067726f 0 74696f6e 0 6574656e 0 6f662072 0 61746520 0 5374 
_C_2369_509d687a_16 8c 0 358 0 0 2a2a2a0a 0 2a2a2a2a 0 2e2e2e20 0 696f6e20 0 756c6174 0 2073696d 0 20746865 0 74696e67 0 6d696e61 0 20746572 0 2530742c 0 696d6520 0 61742074 0 72656420 0 52206669 0 4552524f 0 69747920 0 65766572 0 74682073 0 5d207769 0 205b2573 0 74696f6e 0 73736572 0 4c502061 0 2a2a2a20 0 2a2a2a2a 0 a2a2a 
_C_2369_509d687a_a4 cc 0 200 1 0 6174652e 0 73207374 0 696e2025 0 74656420 0 73746172 0 25732720 0 696e2027 0 646f6d61 0 77657220 0 6620706f 0 7327206f 0 74202725 0 72206e65 0 706f7765 0 61727920 0 5072696d 
_C_2369_509d687a_11b cc 0 98 1 0 424c4544 0 44495341 0 4f52455f 0 52455354 0 4c505f 
_C_2369_509d687a_48 cc 0 2d0 1 0 2530642e 0 6c756520 0 68207661 0 20776974 0 72746564 0 20737461 0 27257327 0 69637920 0 20506f6c 0 74696f6e 0 736f6c61 0 746f2049 0 696e6720 0 706f6e64 0 72726573 0 7320636f 0 616c2025 0 7369676e 0 626c6520 0 20456e61 0 74696f6e 0 736f6c61 0 2049 
_C_2369_509d687a_6e cc 0 320 1 0 656c732e 0 206c6576 0 74697665 0 68206163 0 20776974 0 72746564 0 20737461 0 626f7468 0 61766520 0 73272068 0 79202725 0 6f6c6963 0 6f6e2050 0 656e7469 0 20526574 0 6720746f 0 6e64696e 0 6573706f 0 636f7272 0 20257320 0 746f7265 0 20526573 0 20616e64 0 65202573 0 20536176 
_C_2369_509d687a_15d 8c 0 88 0 0 54415445 0 49545f53 0 4e5f494e 0 505f5047 0 4c 
_C_2369_509d687a_c0 cc 0 348 1 0 2576272e 0 75652027 0 2076616c 0 616c6964 0 20696e76 0 6820616e 0 20776974 0 72746564 0 20737461 0 27257327 0 61696e20 0 20646f6d 0 6f776572 0 6f662070 0 25732720 0 67792027 0 72617465 0 6e207374 0 6174696f 0 69736f6c 0 206f6620 0 27257327 0 626c6520 0 20656e61 0 74696f6e 0 736f6c61 0 49 
_C_2369_509d687a_9 cc 0 100 0 0 642f6274 0 452f7475 0 2e434558 0 61666564 0 5f746c75 0 6c6f7369 0 6f697461 0 6e 
_C_10b2_50a2097b_19 8c 0 60 0 0 5f4f4646 0 534f474e 0 4c505f49 
_C_2369_509d687a_106 cc 0 3d0 1 0 2573272e 0 69732027 0 69656420 0 65636966 0 65207370 0 73656e73 0 61766520 0 272e2053 0 20272576 0 616c7565 0 20612076 0 77697468 0 74656420 0 73746172 0 25732720 0 696e2027 0 646f6d61 0 77657220 0 6620706f 0 7327206f 0 79202725 0 61746567 0 20737472 0 74696f6e 0 6574656e 0 6f722072 0 73272066 0 6c202725 0 69676e61 0 76652073 0 5361 
_C_5c84_509dc26a_22 8c 0 98 0 0 414e4745 0 455f4348 0 53544154 0 5053575f 0 4c505f 
_C_2369_509d687a_1 c4 0 40 0 0 f4240 0 3 
_C_2369_509d687a_10f cc 0 98 1 0 53415645 0 4f46465f 0 5057525f 0 5052494d 0 4c505f 
_C_2369_509d687a_41 cc 0 20 1 0 35313132 
_C_2369_509d687a_63 cc 0 20 1 0 35373032 
_C_2369_509d687a_65 cc 0 20 1 0 35373033 
_C_10b2_50a2097b_17 8c 0 60 0 0 5f4f4646 0 534f504e 0 4c505f49 
_C_2369_509d687a_112 cc 0 4b8 1 0 2576272e 0 656c2027 0 206c6576 0 74697665 0 6e206163 0 61742061 0 20697320 0 27257327 0 6e616c20 0 20736967 0 73617665 0 696c6520 0 46207768 0 64204f46 0 75726e65 0 73272074 0 6e202725 0 6f6d6169 0 65722064 0 20706f77 0 27206f66 0 20272573 0 74656779 0 73747261 0 696f6e20 0 74656e74 0 72207265 0 7220666f 0 706f7765 0 696f6e20 0 74656e74 0 2e205265 0 626c6564 0 64697361 0 696f6e20 0 65726174 0 65206f70 0 536176 
_C_2369_509d687a_38 cc 0 3e8 1 0 2530742e 0 696d6520 0 61742074 0 20256620 0 616c7565 0 67652076 0 6f6c7461 0 25732f56 0 61676520 0 566f6c74 0 20746f20 0 65202566 0 76616c75 0 61676520 0 566f6c74 0 2025732f 0 74616765 0 20566f6c 0 66726f6d 0 67656420 0 6368616e 0 20257320 0 69746368 0 65725377 0 20506f77 0 73206f66 0 72742025 0 7920706f 0 7570706c 0 75742073 0 4f757470 0 20 
_C_2369_509d687a_1a 8c 0 1c0 0 0 2530640a 0 4c203d20 0 46415441 0 64202c20 0 3d202530 0 524f5220 0 2c204552 0 25306420 0 47203d20 0 524e494e 0 2c205741 0 25306420 0 4f203d20 0 20494e46 
_C_5c84_509dc26a_8 cc 0 70 1 0 5f6f6e00 0 2f707772 0 2f647574 0 7462 
_C_2369_509d687a_ab cc 0 98 1 0 414e4745 0 455f4348 0 53544154 0 50504e5f 0 4c505f 
_C_2369_509d687a_c6 cc 0 338 1 0 2576272e 0 75652027 0 2076616c 0 616c6964 0 20696e76 0 6f20616e 0 65642074 0 68616e67 0 73272063 0 6e202725 0 6f6d6169 0 65722064 0 20706f77 0 27206f66 0 20272573 0 74656779 0 73747261 0 696f6e20 0 6f6c6174 0 66206973 0 7327206f 0 65202725 0 6e61626c 0 6f6e2065 0 6c617469 0 49736f 
_C_2369_509d687a_62 cc 0 2d0 1 0 2530742e 0 696d6520 0 61742074 0 20256620 0 616c7565 0 67652076 0 6f6c7461 0 74652f56 0 20537461 0 65202573 0 6c746167 0 6f20566f 0 65642074 0 68616e67 0 25732063 0 61696e20 0 20646f6d 0 6f776572 0 6f662050 0 20257320 0 794e6574 0 7570706c 0 2053 
_C_2369_509d687a_123 cc 0 88 1 0 55544558 0 5f525f4d 0 53455254 0 505f4153 0 4c 
_C_2369_509d687a_35 cc 0 20 1 0 36363138 
_C_2369_509d687a_135 8c 0 1d8 0 0 23232323 0 23232323 0 20232323 0 494e4753 0 53455454 0 524f4c20 0 434f4e54 0 4f4e5320 0 45525449 0 20415353 0 54204c50 0 4641554c 0 23204445 0 23232323 0 232323 
_C_2369_509d687a_159 8c 0 60 0 0 5d202573 0 205b2573 0 5b25735d 
_C_2369_509d687a_7e cc 0 370 1 0 2530742e 0 696d6520 0 61742074 0 4f464620 0 20697320 0 6f776572 0 6f6e2070 0 656e7469 0 20726574 0 7768656e 0 20257320 0 6d61696e 0 7220646f 0 706f7765 0 206f6620 0 27257327 0 69637920 0 20506f6c 0 74696f6e 0 6574656e 0 6f722052 0 65642066 0 67676572 0 20747269 0 76656e74 0 72652065 0 6573746f 0 2052 
_C_2369_509d687a_33 cc 0 20 1 0 36363137 
_C_2369_509d687a_117 cc 0 88 1 0 414e4745 0 455f4348 0 53544f52 0 505f5245 0 4c 
_C_2369_509d687a_122 cc 0 678 1 0 2573272e 0 203a2027 0 676e616c 0 65205369 0 20536176 0 2573272c 0 203a2027 0 676e616c 0 65205369 0 73746f72 0 2c205265 0 27257327 0 79203a20 0 61746567 0 20537472 0 74696f6e 0 6574656e 0 4e2e2052 0 6564204f 0 7475726e 0 20697320 0 6f776572 0 6f6e2070 0 656e7469 0 20726574 0 66746572 0 742c2061 0 6576656e 0 61766520 0 20612073 0 686f7574 0 20776974 0 626c6564 0 20656e61 0 6e206973 0 6174696f 0 6f706572 0 6f726520 0 52657374 0 73272e20 0 6e202725 0 6f6d6169 0 65722064 0 20706f77 0 73206f66 0 73746572 0 72656769 0 74686520 0 206f6e20 0 6e672058 0 746f7269 0 526573 
_C_2369_509d687a_72 cc 0 2a8 1 0 2025622e 0 616c7565 0 69642076 0 6e76616c 0 74682069 0 64207769 0 61727465 0 27207374 0 20272573 0 6c696379 0 6e20506f 0 6e74696f 0 52657465 0 20746f20 0 64696e67 0 73706f6e 0 6f727265 0 25732063 0 6e616c20 0 20736967 0 53617665 0 20 
_C_2369_509d687a_149 cc 0 10 1 0 5e23 
_C_2369_509d687a_18 8c 0 3e8 0 0 49442e0a 0 696f6e20 0 73657274 0 65206173 0 6e697175 0 616e2075 0 74657220 0 65676973 0 73652072 0 506c6561 0 72792e20 0 20656e74 0 72656e74 0 20637572 0 20746865 0 72696e67 0 69676e6f 0 74732c20 0 65786973 0 61647920 0 616c7265 0 25732720 0 49442027 0 4c504120 0 55505d20 0 49445f44 0 4c50415f 0 475d205b 0 524e494e 0 205b5741 0 2530745d 0 5b 
_C_2369_509d687a_88 cc 0 678 1 0 2530742e 0 696d6520 0 272c2074 0 20272573 0 616c203a 0 7369676e 0 61766520 0 272c2053 0 20272573 0 616c203a 0 7369676e 0 6f726520 0 52657374 0 73272c20 0 3a202725 0 65677920 0 74726174 0 6f6e2053 0 656e7469 0 20526574 0 204f4e2e 0 726e6564 0 72207475 0 706f7765 0 696f6e20 0 74656e74 0 72205265 0 61667465 0 656e742c 0 65206576 0 20536176 0 686f7574 0 20776974 0 626c6564 0 20656e61 0 74696f6e 0 70657261 0 7265206f 0 6573746f 0 732e2052 0 696e2025 0 446f6d61 0 77657220 0 6620506f 0 7273206f 0 69737465 0 20726567 0 20746865 0 58206f6e 0 696e6720 0 73746f72 0 205265 
_C_2369_509d687a_8c cc 0 2d0 1 0 2530742e 0 696d6520 0 61742074 0 20256220 0 616c7565 0 746f2076 0 67656420 0 6368616e 0 25732720 0 63792027 0 506f6c69 0 696f6e20 0 74656e74 0 6f205265 0 6e672074 0 6f6e6469 0 72657370 0 20636f72 0 6c202573 0 69676e61 0 72652073 0 6573746f 0 2052 
_C_2369_509d687a_137 8c 0 1e0 0 0 2323230a 0 23232323 0 23232323 0 23232323 0 23232323 0 23232323 0 23232323 0 23232323 0 23232323 0 23232323 0 23232323 0 23232323 0 23232323 0 23232323 0 23232323 
_C_2369_509d687a_d5 cc 0 60 1 0 5f4f4646 0 534f474e 0 4c505f49 
_C_2369_509d687a_d3 cc 0 60 1 0 5f4f4646 0 534f504e 0 4c505f49 
_C_2369_509d687a_109 cc 0 78 1 0 424c4544 0 5f454e41 0 53415645 0 4c505f 
_C_2369_509d687a_20 8c 0 160 0 0 2323230a 0 23232323 0 23232323 0 23232323 0 23232323 0 23232323 0 23232323 0 23232323 0 23232323 0 23232323 0 a232323 
_C_2369_509d687a_47 cc 0 20 1 0 35303238 
_C_2369_509d687a_160 8c 0 98 0 0 414e4745 0 455f4348 0 53544154 0 50504e5f 0 4c505f 
_C_2369_509d687a_49 cc 0 20 1 0 35303239 
_C_2369_509d687a_9e cc 0 410 1 0 6976652e 0 636c7573 0 79206578 0 75616c6c 0 206d7574 0 206e6f74 0 20617265 0 25732729 0 27202827 0 20272573 0 64202573 0 2920616e 0 27257327 0 73272028 0 73202725 0 642e2025 0 61696c65 0 73272066 0 6e202725 0 6f6d6169 0 65722044 0 20506f77 0 27206f66 0 20272573 0 6c696379 0 6e20706f 0 6e74696f 0 52657465 0 666f7220 0 6e656420 0 64656669 0 25732720 0 2027 
_C_2369_509d687a_115 cc 0 78 1 0 494e4954 0 4f52455f 0 52455354 0 4c505f 
_C_2369_509d687a_34 cc 0 3e0 1 0 2530742e 0 696d6520 0 61742074 0 20256620 0 616c7565 0 67652076 0 6f6c7461 0 25732f56 0 61676520 0 566f6c74 0 20746f20 0 65202566 0 76616c75 0 61676520 0 566f6c74 0 2025732f 0 74616765 0 20566f6c 0 66726f6d 0 67656420 0 6368616e 0 20257320 0 69746368 0 65725377 0 20506f77 0 73206f66 0 72742025 0 7920706f 0 7570706c 0 75742073 0 20496e70 
_C_2369_509d687a_1b 8c 0 1e8 0 0 2a2a2a2a 0 2a2a2a2a 0 2a2a2a2a 0 2a2a2a2a 0 2a2a2a2a 0 2a2a2a2a 0 2a2a2a2a 0 2a2a2a2a 0 2a2a2a2a 0 2a2a2a2a 0 2a2a2a2a 0 2a2a2a2a 0 2a2a2a2a 0 2a2a2a2a 0 2a2a2a2a 0 2a 
_C_2369_509d687a_b0 cc 0 2a8 1 0 6620562e 0 746f2025 0 66205620 0 6f6d2025 0 64206672 0 616e6765 0 27206368 0 20272573 0 6d61696e 0 7220646f 0 706f7765 0 206f6620 0 27257327 0 6e657420 0 77657220 0 7920706f 0 696d6172 0 65207072 0 66207468 0 6765206f 0 6f6c7461 0 56 
_C_5c84_509dc26a_10 cc 0 40 0 0 47444456 0 53 
_C_2369_509d687a_25 cc 0 20 1 0 35303237 
_C_2369_509d687a_73 cc 0 20 1 0 35303530 
_C_2369_509d687a_28 cc 0 2b8 1 0 2530742e 0 65203d20 0 2074696d 0 73206174 0 746f2025 0 20257320 0 66726f6d 0 67656420 0 6368616e 0 61746520 0 73207374 0 696e2025 0 446f6d61 0 77657220 0 2e20506f 0 6e676564 0 20636861 0 74617465 0 696e2073 0 446f6d61 0 77657220 0 20506f 
_C_2369_509d687a_52 cc 0 1c8 1 0 2530742e 0 696d6520 0 61742074 0 25732720 0 63792027 0 506f6c69 0 696f6e20 0 6f6c6174 0 6e204973 0 6564206f 0 656d6f76 0 6e202072 0 6174696f 0 49736f6c 0 20 
_C_10b2_50a2097b_b 8c 0 60 0 0 5f6f7574 0 5f69736f 0 65786563 
_C_2369_509d687a_116 cc 0 400 1 0 2573272e 0 69732027 0 69656420 0 65636966 0 65207370 0 73656e73 0 6f726520 0 52657374 0 76272e20 0 65202725 0 76616c75 0 68206120 0 20776974 0 72746564 0 20737461 0 27257327 0 61696e20 0 20646f6d 0 6f776572 0 6f662070 0 25732720 0 67792027 0 72617465 0 6e207374 0 6e74696f 0 72657465 0 666f7220 0 25732720 0 616c2027 0 7369676e 0 6f726520 0 52657374 
_C_2369_509d687a_a0 cc 0 130 1 0 6174652e 0 73207374 0 696e2025 0 74656420 0 73746172 0 25732720 0 696e2027 0 646f6d61 0 77657220 0 506f 
_C_2369_509d687a_40 cc 0 188 1 0 6174652e 0 6c207374 0 6c656761 0 6e20696c 0 676e2069 0 64657369 0 69746820 0 65642077 0 74617274 0 6f6e2073 0 6c617469 0 53696d75 0 20 
_C_2369_509d687a_155 cc 0 68 1 0 744f6666 0 73736572 0 70615f41 0 6c 
_C_2369_509d687a_e1 cc 0 98 1 0 414c4944 0 5f494e56 0 4354524c 0 5053575f 0 4c505f 
_C_2369_509d687a_ac cc 0 278 1 0 2025732e 0 7320746f 0 6f6d2025 0 64206672 0 616e6765 0 27206368 0 20272573 0 6d61696e 0 7220646f 0 706f7765 0 206f6620 0 27257327 0 6e657420 0 77657220 0 7920706f 0 696d6172 0 65207072 0 66207468 0 7465206f 0 537461 
_C_2369_509d687a_126 cc 0 4a0 1 0 7327292e 0 20282725 0 27257327 0 6e616c20 0 20736967 0 73617665 0 74686520 0 69746820 0 76652077 0 6c757369 0 20657863 0 616c6c79 0 6d757475 0 6e6f7420 0 20697320 0 25732729 0 27202827 0 20272573 0 676e616c 0 2e205369 0 696c6564 0 27206661 0 20272573 0 6d61696e 0 7220646f 0 706f7765 0 206f6620 0 27257327 0 65677920 0 74726174 0 6f6e2073 0 656e7469 0 20726574 0 20666f72 0 696e6564 0 20646566 0 27257327 
_C_2369_509d687a_b6 cc 0 3f0 1 0 2025732e 0 73202d3e 0 2d3e2025 0 20257320 0 66726f6d 0 67656420 0 6368616e 0 61746520 0 2e205374 0 27257327 0 61696e20 0 20646f6d 0 6f776572 0 6f662070 0 25732720 0 65742027 0 6e64206e 0 67726f75 0 61727920 0 7072696d 0 74686520 0 206f6620 0 74617465 0 6f6e2053 0 696d6520 0 6d652074 0 74207361 0 65732061 0 68616e67 0 6c652063 0 6c746970 0 4d75 
_C_2369_509d687a_12e 8c 0 530 0 0 4f4d2e0a 0 43555354 0 554c545f 0 44454641 0 4f4d2c20 0 43555354 0 4c542c20 0 45464155 0 72652044 0 65732061 0 76616c75 0 6c696420 0 a205661 0 554c542e 0 44454641 0 20746f20 0 67206974 0 7474696e 0 2c207365 0 74696f6e 0 65206f70 0 6e74696d 0 65207275 0 5f6d6f64 0 5f6c6f67 0 206c7061 0 77697468 0 73656420 0 20706173 0 27257327 0 696f6e20 0 206f7074 0 616c6964 0 20496e76 0 4552525d 0 4649475f 0 5f434f4e 0 5b4c5041 0 494e4720 0 5741524e 0 30745d20 0 5b25 
_C_2369_509d687a_152 cc 0 60 1 0 6d6f6465 0 6c6f675f 0 6c70615f 
_C_2369_509d687a_4a cc 0 188 1 0 6174652e 0 4e207374 0 54444f57 0 20534855 0 6420696e 0 61727465 0 27207374 0 20272573 0 6c696379 0 6e20506f 0 6174696f 0 49736f6c 0 20 
_C_2369_509d687a_cd cc 0 70 1 0 54415445 0 504e5f53 0 5f49534f 0 4c50 
_C_2369_509d687a_6c cc 0 188 1 0 6174652e 0 4e207374 0 54444f57 0 20534855 0 6420696e 0 61727465 0 27207374 0 20272573 0 6c696379 0 6e20506f 0 6e74696f 0 52657465 0 20 
_C_2369_509d687a_30 cc 0 2e8 1 0 2530742e 0 696d6520 0 61742074 0 20256220 0 616c7565 0 69642076 0 6e76616c 0 746f2069 0 67656420 0 6368616e 0 20257320 0 69746368 0 65725377 0 20506f77 0 73206f66 0 25732f25 0 6f727420 0 6f6c2070 0 6f6e7472 0 6e672043 0 72697669 0 25732064 0 4e657420 0 20 
_C_2369_509d687a_a1 cc 0 90 1 0 414e4745 0 455f4348 0 53544154 0 5f50445f 0 4c50 
_C_2369_509d687a_154 cc 0 58 1 0 66696c65 0 5f6c6f67 0 6c7061 
_C_2369_509d687a_136 8c 0 3d8 0 0 9202573 0 7320093d 0 74696f6e 0 73736572 0 72655f61 0 69676e6f 0 6c70615f 0 73200a20 0 3d092025 0 65200909 0 5f6d6f64 0 5f6c6f67 0 206c7061 0 2573200a 0 93d0920 0 74792009 0 76657269 0 615f7365 0 a206c70 0 25732720 0 3d092027 0 65200909 0 6766696c 0 615f6c6f 0 a206c70 0 20257320 0 9093d09 0 4f666620 0 73657274 0 615f4173 0 206c70 
_C_2369_509d687a_90 cc 0 2a8 1 0 2530742e 0 696d6520 0 61742074 0 6c756520 0 64207661 0 76616c69 0 6f20696e 0 65642074 0 68616e67 0 73272063 0 79202725 0 6f6c6963 0 6f6e2050 0 656e7469 0 20526574 0 6720746f 0 6e64696e 0 6573706f 0 636f7272 0 20257320 0 53617665 0 20 
_C_2369_509d687a_d6 cc 0 310 1 0 2025732e 0 6420746f 0 616e6765 0 27206368 0 20272573 0 6d61696e 0 7220646f 0 706f7765 0 206f6620 0 27257327 0 65677920 0 74726174 0 6f6e2073 0 6c617469 0 2069736f 0 20666f72 0 27257327 0 6e657420 0 756e6420 0 2067726f 0 74696f6e 0 736f6c61 0 6f662069 0 61746520 0 5374 
_C_2369_509d687a_b1 cc 0 98 1 0 414e4745 0 455f4348 0 56414c55 0 50474e5f 0 4c505f 
_C_2369_509d687a_df cc 0 198 1 0 2573272e 0 73742027 0 696e2070 0 25732720 0 746f2027 0 25732720 0 6f6d2027 0 64206672 0 616e6765 0 65206368 0 73746174 0 69676e20 0 446573 
_C_2369_509d687a_13d cc 0 80 0 0 53504e53 0 41504c5f 0 4e4f435f 0 474946 
_C_2369_509d687a_ed cc 0 88 1 0 54415445 0 49545f53 0 575f494e 0 505f5053 0 4c 
_C_38b_509dd380_5 cc 0 78 1 0 646f776e 0 7077725f 0 6475742f 0 74622f 
_C_2369_509d687a_54 cc 0 320 1 0 2530742e 0 696d6520 0 61742074 0 20256220 0 616c7565 0 69642076 0 6e76616c 0 746f2069 0 67656420 0 6368616e 0 20257320 0 74656779 0 73747261 0 696f6e20 0 6f6c6174 0 6f206973 0 6e672074 0 6f6e6469 0 72657370 0 20636f72 0 6c202573 0 69676e61 0 6f6e2073 0 6c617469 0 2049736f 
_C_38b_509dd380_3 cc 0 80 1 0 6f776e00 0 77725f64 0 75742f70 0 74622f64 
_C_2369_509d687a_14c cc 0 60 1 0 72697479 0 73657665 0 6c70615f 
_C_10b2_50a2097b_3 cc 0 60 1 0 5f6f7574 0 5f69736f 0 65786563 
_C_38b_509dd380_4 cc 0 40 1 0 646f776e 0 7077725f 
_C_2369_509d687a_ec cc 0 2f8 1 0 6620562e 0 67652025 0 6f6c7461 0 74682076 0 64207769 0 61727465 0 27207374 0 20272573 0 69746368 0 72207377 0 706f7765 0 206f6620 0 27257327 0 6f727420 0 6c792070 0 73757070 0 70757420 0 206f7574 0 6420746f 0 20746965 0 27257327 0 6e657420 0 706c7920 0 537570 
_C_2369_509d687a_a2 cc 0 170 1 0 2025732e 0 7320746f 0 6f6d2025 0 64206672 0 616e6765 0 65206368 0 73746174 0 25732720 0 696e2027 0 646f6d61 0 77657220 0 506f 
_C_2369_509d687a_14f cc 0 28 1 0 52524f52 0 45 
_C_2369_509d687a_12b 8c 0 68 0 0 744f6666 0 73736572 0 70615f41 0 6c 
_C_2369_509d687a_6 cc 0 100 0 0 642f6274 0 542f7475 0 642e504f 0 75616665 0 695f746c 0 616c6f73 0 6e6f6974 0 0 
_C_5c84_509dc26a_12 8c 0 98 0 0 414c4944 0 5f494e56 0 4354524c 0 5053575f 0 4c505f 
_C_2369_509d687a_13a cc 0 28 1 0 2e2e2020 0 2e 
_C_5c84_509dc26a_16 8c 0 a8 0 0 414c5545 0 49545f56 0 505f494e 0 575f4953 0 505f5053 0 4c 
_C_2369_509d687a_11 cc 0 40 0 0 47444456 0 0 
_C_5c84_509dc26a_1e 8c 0 80 0 0 54415445 0 53505f53 0 53575f49 0 4c505f50 
_C_5c84_509dc26a_20 8c 0 80 0 0 54415445 0 53505f53 0 53575f4f 0 4c505f50 
_C_2369_509d687a_f1 cc 0 90 1 0 414e4745 0 4c5f4348 0 5f435452 0 5f505357 0 4c50 
_C_2369_509d687a_97 cc 0 20 1 0 35353237 
_C_2369_509d687a_45 cc 0 20 1 0 35323130 
_C_2369_509d687a_2c cc 0 298 1 0 2025622e 0 616c7565 0 69642076 0 6e76616c 0 74682069 0 64207769 0 61727465 0 73207374 0 63682025 0 53776974 0 6f776572 0 6f662050 0 2f257320 0 74202573 0 20706f72 0 74726f6c 0 20436f6e 0 76696e67 0 20647269 0 74202573 0 204e65 
_C_2369_509d687a_b4 cc 0 3e8 1 0 2025732e 0 73202d3e 0 2d3e2025 0 20257320 0 66726f6d 0 67656420 0 6368616e 0 61746520 0 2e205374 0 27257327 0 61696e20 0 20646f6d 0 6f776572 0 6f662070 0 25732720 0 65742027 0 6572206e 0 20706f77 0 6d617279 0 20707269 0 20746865 0 65206f66 0 53746174 0 206f6e20 0 74696d65 0 616d6520 0 61742073 0 67657320 0 6368616e 0 706c6520 0 756c7469 0 4d 
_C_2369_509d687a_57 cc 0 20 1 0 35353232 
_C_10b2_50a2097b_18 8c 0 70 0 0 54415445 0 504e5f53 0 5f49534f 0 4c50 
_C_2369_509d687a_7 cc 0 100 0 0 642f6274 0 542f7475 0 642e504f 0 75616665 0 725f746c 0 6e657465 0 6e6f6974 0 0 
_C_2369_509d687a_121 cc 0 88 1 0 53415645 0 455f4e4f 0 53544f52 0 505f5245 0 4c 
_C_2369_509d687a_15b 8c 0 90 0 0 414e4745 0 455f4348 0 53544154 0 5f50445f 0 4c50 
_C_2369_509d687a_c9 cc 0 70 1 0 4f564544 0 5f52454d 0 5f49534f 0 4c50 
_C_2369_509d687a_150 cc 0 28 1 0 4154414c 0 46 
_C_2369_509d687a_10c cc 0 3e8 1 0 2576272e 0 75652027 0 2076616c 0 74697665 0 696e6163 0 20616e20 0 6420746f 0 616e6765 0 27206368 0 20272573 0 676e616c 0 65207369 0 20536176 0 2573272e 0 696e2027 0 646f6d61 0 77657220 0 6620706f 0 7327206f 0 79202725 0 61746567 0 20737472 0 74696f6e 0 6574656e 0 6f722072 0 65642066 0 7361626c 0 6e206469 0 6174696f 0 6f706572 0 61766520 0 53 
_C_2369_509d687a_82 cc 0 268 1 0 2530742e 0 696d6520 0 61742074 0 20257320 0 6d61696e 0 7220646f 0 706f7765 0 206f6620 0 27257327 0 69637920 0 20506f6c 0 74696f6e 0 6574656e 0 6f722052 0 65642066 0 73657274 0 64656173 0 6f726520 0 52657374 0 20 
_C_2369_509d687a_125 cc 0 88 1 0 55544558 0 5f535f4d 0 53455254 0 505f4153 0 4c 
_C_2369_509d687a_db cc 0 88 1 0 54415445 0 49545f53 0 545f494e 0 505f5053 0 4c 
_C_2369_509d687a_169 8c 0 98 0 0 414e4745 0 455f4348 0 56414c55 0 50474e5f 0 4c505f 
_C_2369_509d687a_145 cc 0 30 1 0 53544f4d 0 4355 
_C_2369_509d687a_76 cc 0 368 1 0 2025732e 0 6d6f6465 0 20696e20 0 6e202573 0 6f6d6169 0 65722044 0 20506f77 0 7768656e 0 76656c20 0 65206c65 0 63746976 0 74682061 0 64207769 0 61727465 0 27207374 0 20272573 0 6c696379 0 6e20506f 0 6e74696f 0 52657465 0 20746f20 0 64696e67 0 73706f6e 0 6f727265 0 25732063 0 6f726520 0 52657374 0 20 
_C_2369_509d687a_14 8c 0 60 0 0 5f434f56 0 5f4c5041 0 534e5053 
_C_2369_509d687a_86 cc 0 338 1 0 2530742e 0 696d6520 0 61742074 0 4f464620 0 20697320 0 6f776572 0 6f6e2070 0 656e7469 0 20726574 0 7768656e 0 20257320 0 6d61696e 0 7220646f 0 706f7765 0 206f6620 0 27257327 0 69637920 0 20506f6c 0 74696f6e 0 6574656e 0 6f722052 0 65642066 0 73657274 0 65206173 0 73746f72 0 205265 
_C_5c84_509dc26a_1b 8c 0 88 0 0 54415445 0 49545f53 0 575f494e 0 505f5053 0 4c 
_C_2369_509d687a_d1 cc 0 70 1 0 54415445 0 474e5f53 0 5f49534f 0 4c50 
_C_2369_509d687a_ff cc 0 70 1 0 54415445 0 504e5f53 0 5f524554 0 4c50 
_C_38b_509dd380_2 cc 0 48 1 0 6f776e00 0 77725f64 0 70 
_C_2369_509d687a_1e 8c 0 150 0 0 2323230a 0 23232323 0 23232323 0 23232323 0 72656420 0 436f7665 0 4e6f7420 0 49447320 0 23232320 0 23232323 0 2323 
_C_2369_509d687a_a8 cc 0 208 1 0 6174652e 0 73207374 0 696e2025 0 74656420 0 73746172 0 25732720 0 696e2027 0 646f6d61 0 77657220 0 6620706f 0 7327206f 0 74202725 0 64206e65 0 726f756e 0 72792067 0 72696d61 0 50 
_C_5c84_509dc26a_19 cc 0 18 1 0 6f7574 
_C_2369_509d687a_f6 cc 0 320 1 0 2025732e 0 7320746f 0 6f6d2025 0 64206672 0 616e6765 0 27206368 0 20272573 0 69746368 0 72207377 0 706f7765 0 206f6620 0 27257327 0 6f727420 0 6c792070 0 73757070 0 70757420 0 206f7574 0 6420746f 0 20746965 0 27257327 0 6e657420 0 706c7920 0 20737570 0 65206f66 0 53746174 
_C_2369_509d687a_ea cc 0 2d8 1 0 2025732e 0 74617465 0 74682073 0 64207769 0 61727465 0 27207374 0 20272573 0 69746368 0 72207377 0 706f7765 0 206f6620 0 27257327 0 6f727420 0 6c792070 0 73757070 0 70757420 0 206f7574 0 6420746f 0 20746965 0 27257327 0 6e657420 0 706c7920 0 537570 
_C_2369_509d687a_3c cc 0 340 1 0 30742e20 0 6d652025 0 74207469 0 25662061 0 6c756520 0 65207661 0 6c746167 0 6f20566f 0 25662074 0 6c756520 0 65207661 0 6c746167 0 6d20566f 0 2066726f 0 6e676564 0 20636861 0 68202573 0 77697463 0 77657253 0 6620506f 0 2573206f 0 6f727420 0 6c792070 0 73757070 0 70757420 0 204f7574 
_C_2369_509d687a_130 8c 0 598 0 0 414c2e0a 0 20464154 0 524f522c 0 2c204552 0 4e494e47 0 20574152 0 4e464f2c 0 72652049 0 65732061 0 76616c75 0 6c696420 0 a205661 0 4e464f2e 0 746f2049 0 20697420 0 74696e67 0 20736574 0 7327202c 0 65202725 0 2066696c 0 6e666967 0 6c20636f 0 6e74726f 0 4120636f 0 65204c50 0 6e207468 0 74792069 0 76657269 0 615f7365 0 6f206c70 0 65642074 0 70617373 0 25732720 0 6f6e2027 0 6f707469 0 6c696420 0 496e7661 0 52525d20 0 49475f45 0 434f4e46 0 4c50415f 0 4e47205b 0 41524e49 0 745d2057 0 5b2530 
_C_2369_509d687a_a6 cc 0 230 1 0 6620562e 0 67652025 0 6f6c7461 0 74682076 0 64207769 0 61727465 0 27207374 0 20272573 0 6d61696e 0 7220646f 0 706f7765 0 206f6620 0 27257327 0 6e657420 0 77657220 0 7920706f 0 696d6172 0 5072 
_C_2369_509d687a_12a 8c 0 68 0 0 673d2573 0 6f6e6669 0 70615f63 0 6c 
_C_2369_509d687a_e2 cc 0 318 1 0 2576272e 0 75652027 0 2076616c 0 616c6964 0 20696e76 0 6820616e 0 20776974 0 72746564 0 20737461 0 27257327 0 74636820 0 20737769 0 6f776572 0 6f662070 0 25732720 0 72742027 0 6c20706f 0 6e74726f 0 6f20636f 0 65642074 0 6e656374 0 20636f6e 0 27257327 0 6e616c20 0 536967 
_C_2369_509d687a_e7 cc 0 a8 1 0 414c5545 0 49545f56 0 505f494e 0 575f4953 0 505f5053 0 4c 
_C_2369_509d687a_f9 cc 0 80 1 0 54415445 0 53505f53 0 53575f49 0 4c505f50 
_C_2369_509d687a_f5 cc 0 80 1 0 54415445 0 53505f53 0 53575f4f 0 4c505f50 
_C_2369_509d687a_b5 cc 0 98 1 0 49544348 0 455f474c 0 53544154 0 50474e5f 0 4c505f 
_C_5c84_509dc26a_1d 8c 0 90 0 0 414e4745 0 4c5f4348 0 5f435452 0 5f505357 0 4c50 
_C_2369_509d687a_8 cc 0 a0 0 0 642f6274 0 452f7475 0 2e434558 0 6d697270 0 797261 
_C_2369_509d687a_dc cc 0 158 1 0 2573272e 0 73742027 0 696e2070 0 61746520 0 27207374 0 20272573 0 77697468 0 74656420 0 73746172 0 69676e20 0 446573 
_C_2369_509d687a_e6 cc 0 2d0 1 0 2025732e 0 74617465 0 74682073 0 64207769 0 61727465 0 27207374 0 20272573 0 69746368 0 72207377 0 706f7765 0 206f6620 0 27257327 0 6f727420 0 6c792070 0 73757070 0 70757420 0 6f20696e 0 65642074 0 27207469 0 20272573 0 206e6574 0 70706c79 0 5375 
_C_2369_509d687a_c3 cc 0 78 1 0 49544348 0 4e5f474c 0 49534f45 0 4c505f 
_C_2369_509d687a_e3 cc 0 88 1 0 414c5545 0 524c5f56 0 575f4354 0 505f5053 0 4c 
_C_2369_509d687a_132 8c 0 560 0 0 53452e0a 0 2046414c 0 45206f72 0 20545255 0 74686572 0 73206569 0 75652069 0 2076616c 0 616c6964 0 2e0a2056 0 414c5345 0 746f2046 0 20697420 0 74696e67 0 20736574 0 7327202c 0 65202725 0 2066696c 0 6e666967 0 6c20636f 0 6e74726f 0 4120636f 0 65204c50 0 6e207468 0 66662069 0 6572744f 0 5f417373 0 206c7061 0 6420746f 0 61737365 0 73272070 0 6e202725 0 7074696f 0 6964206f 0 6e76616c 0 525d2049 0 475f4552 0 4f4e4649 0 50415f43 0 47205b4c 0 524e494e 0 5d205741 0 5b253074 
_C_2369_509d687a_139 8c 0 200 0 0 2323230a 0 23232323 0 23232323 0 23232323 0 23232323 0 23232323 0 23232323 0 23232323 0 23232323 0 23232323 0 23232323 0 23232323 0 23232323 0 23232323 0 23232323 0 23232323 
_C_2369_509d687a_ba cc 0 428 1 0 6620562e 0 2d3e2025 0 66205620 0 2d3e2025 0 66205620 0 6f6d2025 0 64206672 0 616e6765 0 65206368 0 6c746167 0 2e20566f 0 27257327 0 61696e20 0 20646f6d 0 6f776572 0 6f662070 0 25732720 0 65742027 0 6e64206e 0 67726f75 0 61727920 0 7072696d 0 74686520 0 206f6e20 0 74696d65 0 616d6520 0 61742073 0 67657320 0 6368616e 0 61676520 0 766f6c74 0 706c6520 0 756c7469 0 4d 
_C_2369_509d687a_15a 8c 0 80 0 0 54415445 0 49545f53 0 445f494e 0 4c505f50 
_C_2369_509d687a_5e cc 0 218 1 0 696f6e2e 0 756c6174 0 2073696d 0 74206f66 0 73746172 0 20617420 0 27257327 0 69637920 0 20506f6c 0 74696f6e 0 736f6c61 0 6f6e2049 0 76656420 0 72656d6f 0 696f6e20 0 6f6c6174 0 204973 
_C_2369_509d687a_3 c4 0 6c 0 0 0 0 4 0 0 0 800 
_C_2369_509d687a_31 cc 0 20 1 0 35373138 
_C_2369_509d687a_13 8c 0 48 0 0 2025730a 0 2530745d 0 5b 
_C_2369_509d687a_89 cc 0 20 1 0 35313239 
_C_10b2_50a2097b_16 8c 0 70 0 0 4f564544 0 5f52454d 0 5f49534f 0 4c50 
_C_2369_509d687a_61 cc 0 20 1 0 35373139 
_C_2369_509d687a_8d cc 0 20 1 0 35343039 
_C_2369_509d687a_2d cc 0 20 1 0 35373135 
_C_2369_509d687a_2a cc 0 50 1 0 73257320 0 73257325 0 2025 
_C_2369_509d687a_53 cc 0 20 1 0 35343036 
_C_2369_509d687a_12d 8c 0 78 0 0 653d2573 0 5f6d6f64 0 5f6c6f67 0 6c7061 
_C_2369_509d687a_da cc 0 2d8 1 0 2573272e 0 203a2027 0 74656779 0 73747261 0 696f6e20 0 6f6c6174 0 2e204973 0 64204f4e 0 75726e65 0 73272074 0 6e202725 0 6f6d6169 0 65722064 0 20706f77 0 75726365 0 6520736f 0 65207468 0 65666f72 0 65642062 0 656d6f76 0 6f6e2072 0 6c617469 0 49736f 
_C_2369_509d687a_59 cc 0 20 1 0 35313237 
_C_2369_509d687a_2f cc 0 20 1 0 35373137 
_C_10b2_50a2097b_20 cc 0 38 1 0 4c5f4f4e 0 46554c 
_C_2369_509d687a_55 cc 0 20 1 0 35313233 
_C_2369_509d687a_9a cc 0 4b0 1 0 7327292e 0 20282725 0 27257327 0 6e616c20 0 20736967 0 746f7265 0 20726573 0 20746865 0 77697468 0 69766520 0 636c7573 0 79206578 0 75616c6c 0 206d7574 0 206e6f74 0 29206973 0 27257327 0 73272028 0 6c202725 0 69676e61 0 642e2053 0 61696c65 0 73272066 0 6e202725 0 6f6d6169 0 65722044 0 20506f77 0 27206f66 0 20272573 0 6c696379 0 6e20706f 0 6e74696f 0 52657465 0 666f7220 0 6e656420 0 64656669 0 25732720 0 2027 
_C_5c84_509dc26a_26 cc 0 68 1 0 725f6f6e 0 742f7077 0 622f6475 0 74 
_C_5c84_509dc26a_3 cc 0 80 0 0 642f6274 0 562f7475 0 53474444 0 0 
_C_10b2_50a2097b_1a 8c 0 70 0 0 54415445 0 474e5f53 0 5f49534f 0 4c50 
_C_2369_509d687a_e8 cc 0 2f0 1 0 6620562e 0 67652025 0 6f746c61 0 74682076 0 64207769 0 61727465 0 27207374 0 20272573 0 69746368 0 72207377 0 706f7765 0 206f6620 0 27257327 0 6f727420 0 6c792070 0 73757070 0 70757420 0 6f20696e 0 65642074 0 27207469 0 20272573 0 206e6574 0 70706c79 0 5375 
_C_2369_509d687a_19 8c 0 1f0 0 0 2a2a2a0a 0 2a2a2a2a 0 2a2a2a2a 0 2a2a2a2a 0 2a2a2a2a 0 7279202a 0 756d6d61 0 6f6e2053 0 65727469 0 20417373 0 2a204c50 0 2a2a2a2a 0 2a2a2a2a 0 2a2a2a2a 0 2a2a2a2a 0 a2a 
_C_2369_509d687a_133 8c 0 228 0 0 73272e0a 0 73202725 0 61642069 0 67207265 0 6265696e 0 696c6520 0 69672066 0 636f6e66 0 726f6c20 0 636f6e74 0 4c504120 0 5d203a20 0 46494c45 0 4649475f 0 5f434f4e 0 5b4c5041 0 4e464f20 0 49 
_C_2369_509d687a_13f cc 0 80 1 0 2e696e69 0 6e666967 0 615f636f 0 2e2f6c70 
_C_2369_509d687a_105 cc 0 60 1 0 494e4954 0 4156455f 0 4c505f53 
_C_2369_509d687a_1c 8c 0 1d8 0 0 925640a 0 2009093d 0 65726564 0 20436f76 0 696f6e73 0 73657274 0 50204173 0 640a204c 0 3d092025 0 73200909 0 74696f6e 0 73736572 0 4c502041 0 74616c20 0 20546f 
_C_2369_509d687a_ce cc 0 348 1 0 2025732e 0 7320746f 0 6f6d2025 0 64206672 0 616e6765 0 27206368 0 20272573 0 6d61696e 0 7220646f 0 706f7765 0 206f6620 0 27257327 0 65677920 0 74726174 0 6f6e2073 0 6c617469 0 2069736f 0 20666f72 0 27257327 0 6e657420 0 77657220 0 6e20706f 0 6174696f 0 69736f6c 0 206f6620 0 74617465 0 53 
_C_2369_509d687a_99 cc 0 20 1 0 36303338 
_C_2369_509d687a_9b cc 0 20 1 0 36303339 
_C_2369_509d687a_13e cc 0 a0 0 0 706c2f2e 0 6f635f61 0 6769666e 0 696e692e 0 0 
_C_2369_509d687a_101 cc 0 68 1 0 494e4954 0 54474e5f 0 505f5245 0 4c 
_C_5c84_509dc26a_23 cc 0 60 1 0 494e4544 0 5445524d 0 554e4445 
_C_2369_509d687a_7f cc 0 20 1 0 36303334 
_C_2369_509d687a_15e cc 0 18 1 0 565353 
_C_2369_509d687a_81 cc 0 20 1 0 36303335 
_C_2369_509d687a_83 cc 0 20 1 0 36303336 
_C_2369_509d687a_84 cc 0 320 1 0 2530742e 0 696d6520 0 61742074 0 4f464620 0 20697320 0 6f776572 0 6f6e2070 0 656e7469 0 20726574 0 7768656e 0 20257320 0 6d61696e 0 7220646f 0 706f7765 0 206f6620 0 27257327 0 69637920 0 20506f6c 0 74696f6e 0 6574656e 0 6f722052 0 65642066 0 73657274 0 65206173 0 20536176 
_C_2369_509d687a_85 cc 0 20 1 0 36303337 
_C_2369_509d687a_77 cc 0 20 1 0 36303330 
_C_2369_509d687a_10b cc 0 80 1 0 424c4544 0 44495341 0 4156455f 0 4c505f53 
_C_2369_509d687a_79 cc 0 20 1 0 36303331 
_C_2369_509d687a_37 cc 0 20 1 0 36363230 
_C_2369_509d687a_7b cc 0 20 1 0 36303332 
_C_2369_509d687a_39 cc 0 20 1 0 36363231 
_C_2369_509d687a_3b cc 0 20 1 0 36363232 
_C_2369_509d687a_7d cc 0 20 1 0 36303333 
_C_2369_509d687a_103 cc 0 70 1 0 54415445 0 474e5f53 0 5f524554 0 4c50 
_C_2369_509d687a_ca cc 0 1c8 1 0 2573272e 0 696e2027 0 646f6d61 0 77657220 0 6620706f 0 7327206f 0 79202725 0 61746567 0 20737472 0 20666f72 0 6f766564 0 2072656d 0 74696f6e 0 736f6c61 0 49 
_C_2369_509d687a_114 cc 0 360 1 0 7465642e 0 72727570 0 6520636f 0 73206172 0 73746572 0 72656769 0 646f7720 0 20536861 0 4f46462e 0 6e656420 0 20747572 0 27257327 0 61696e20 0 20646f6d 0 6f776572 0 6f662070 0 25732720 0 67792027 0 72617465 0 6e207374 0 6e74696f 0 72657465 0 666f7220 0 77657220 0 6e20706f 0 6e74696f 0 52657465 
_C_2369_509d687a_cf cc 0 68 1 0 494e4954 0 4f474e5f 0 505f4953 0 4c 
_C_2369_509d687a_111 cc 0 90 1 0 5f4f4646 0 54505752 0 455f5245 0 5f534156 0 4c50 
_C_2369_509d687a_16a cc 0 10 1 0 4130 
_C_10b2_50a2097b_7 cc 0 18 1 0 564444 
_C_2369_509d687a_161 8c 0 98 0 0 49544348 0 455f474c 0 53544154 0 50474e5f 0 4c505f 
_C_10b2_50a2097b_1c 8c 0 78 0 0 49544348 0 4e5f474c 0 49534f45 0 4c505f 
_C_5c84_509dc26a_14 8c 0 88 0 0 414c5545 0 524c5f56 0 575f4354 0 505f5053 0 4c 
_C_5c84_509dc26a_6 cc 0 60 1 0 44444700 0 75742f56 0 74622f64 
_C_2369_509d687a_36 cc 0 338 1 0 30742e20 0 6d652025 0 74207469 0 25662061 0 6c756520 0 65207661 0 6c746167 0 6f20566f 0 25662074 0 6c756520 0 65207661 0 6c746167 0 6d20566f 0 2066726f 0 6e676564 0 20636861 0 68202573 0 77697463 0 77657253 0 6620506f 0 2573206f 0 6f727420 0 6c792070 0 73757070 0 70757420 0 20496e 
_C_2369_509d687a_9f cc 0 80 1 0 54415445 0 49545f53 0 445f494e 0 4c505f50 
_C_2369_509d687a_42 cc 0 350 1 0 2530742e 0 696d6520 0 61742074 0 61746520 0 73207374 0 746f2025 0 61746520 0 73207374 0 6f6d2025 0 64206672 0 696f6e65 0 6e736974 0 20747261 0 7369676e 0 2c204465 0 65202573 0 5461626c 0 61746520 0 72205374 0 506f7765 0 20496e20 0 6765642e 0 6368616e 0 61746520 0 6e207374 0 65736967 0 2044 
_C_2369_509d687a_15 8c 0 88 0 0 72726f72 0 70615f65 0 6f6e5f6c 0 7869745f 0 65 
_C_2369_509d687a_140 cc 0 60 0 0 5f534356 0 454d4f48 0 0 
_C_2369_509d687a_d0 cc 0 2f8 1 0 2025732e 0 74617465 0 696e2073 0 74656420 0 73746172 0 25732720 0 696e2027 0 646f6d61 0 77657220 0 6620706f 0 7327206f 0 79202725 0 61746567 0 20737472 0 74696f6e 0 736f6c61 0 6f722069 0 73272066 0 74202725 0 64206e65 0 726f756e 0 6f6e2067 0 6c617469 0 49736f 
_C_2369_509d687a_17 8c 0 358 0 0 2a2a2a0a 0 2a2a2a2a 0 2e2e2e20 0 696f6e20 0 756c6174 0 2073696d 0 20746865 0 74696e67 0 6d696e61 0 20746572 0 2530742c 0 696d6520 0 61742074 0 72656420 0 4c206669 0 46415441 0 69747920 0 65766572 0 74682073 0 5d207769 0 205b2573 0 74696f6e 0 73736572 0 4c502061 0 2a2a2a20 0 2a2a2a2a 0 a2a2a 
_C_2369_509d687a_1d 8c 0 110 0 0 2025640a 0 20093d09 0 65726564 0 20436f76 0 204e6f74 0 696f6e73 0 73657274 0 50204173 0 204c 
_C_5c84_509dc26a_17 8c 0 a8 0 0 54415445 0 49545f53 0 505f494e 0 575f4f53 0 505f5053 0 4c 
_C_2369_509d687a_5a cc 0 2d0 1 0 696f6e2e 0 6f6c6174 0 6c207669 0 746f636f 0 2070726f 0 646f776e 0 53687574 0 30742e20 0 6d652025 0 74207469 0 74652061 0 20737461 0 444f574e 0 53485554 0 20746f20 0 6e676564 0 20636861 0 27257327 0 69637920 0 20506f6c 0 74696f6e 0 736f6c61 0 2049 
